26
8 64 208 16 16 0 2
8 128 104 16 16 0 2
8 320 88 16 16 0 2
8 416 192 16 16 0 0
8 576 160 16 16 0 6
8 832 160 16 16 0 0
8 1088 88 16 16 0 2
8 1184 192 16 16 0 3
8 1344 208 16 16 0 3
8 1408 104 16 16 0 0
8 1600 88 16 16 0 1
8 1696 192 16 16 0 4
10 390 65 0 0 -1 1
10 460 65 0 0 -1 2
10 1600 65 0 0 -1 0
10 400 310 0 0 -1 1
10 1210 310 0 0 -1 0
9 85 85 0 0 0 1
9 170 85 0 0 1 1
9 700 150 0 0 0 1
9 850 85 0 0 0 2
9 950 150 0 0 0 1
9 260 85 0 0 0 1
9 240 325 0 0 0 3
9 1429 325 0 0 0 2
9 1174 325 0 0 0 2