58
0 80 880 48 8
0 0 768 64 8
0 64 752 32 8
0 176 752 32 8
0 208 768 48 8
0 160 848 64 8
0 288 880 32 8
0 320 768 48 8
0 400 768 32 8
0 464 768 80 8
0 464 880 32 8
0 512 848 128 8
0 560 768 32 8
0 672 848 64 8
0 608 768 224 8
0 848 880 48 8
0 928 848 64 8
0 976 768 48 8
0 944 752 32 8
0 832 752 32 8
0 864 656 64 8
0 960 608 48 8
0 784 608 48 8
0 848 592 32 8
0 912 592 32 8
0 768 528 256 8
0 768 368 32 8
0 800 400 32 8
0 832 368 48 8
0 880 400 32 8
0 912 368 48 8
0 960 400 32 8
0 992 368 32 8
0 768 288 32 8
0 816 288 32 8
0 864 288 160 8
0 944 48 80 8
0 832 48 32 8
0 800 144 32 8
0 720 128 48 8
0 608 176 80 8
0 512 160 64 8
0 448 368 64 8
0 416 400 32 8
0 304 288 208 8
0 336 416 32 8
0 256 368 48 8
0 224 400 32 8
0 240 288 16 8
0 208 272 32 8
0 0 480 64 8
0 0 288 32 8
0 32 272 32 8
0 0 48 800 8
0 64 432 96 8
0 160 368 64 8
0 80 352 32 8
4 272 912 16 16
