60
0 64 752 32 16
0 176 752 32 16
0 672 848 64 16
0 832 752 32 16
0 944 752 32 16
0 864 656 64 16
0 336 416 32 16
1 80 880 48 32
1 288 880 96 16
1 320 944 64 64
1 512 848 128 16
1 848 880 48 32
1 0 768 64 48
1 208 768 624 48
1 976 768 48 48
1 256 800 64 32
1 368 800 32 32
1 432 800 32 32
1 0 480 64 128
1 0 288 32 48
1 32 272 32 32
1 224 400 32 48
1 256 368 48 80
1 240 288 272 48
1 208 272 32 32
1 256 240 256 48
1 256 192 96 80
1 416 192 96 80
1 512 160 64 48
1 608 176 80 32
1 720 128 48 16
1 800 144 32 96
1 768 288 256 64
1 864 224 80 128
1 768 368 256 16
1 800 400 32 32
1 880 400 32 32
1 960 400 32 32
1 256 720 256 240
1 768 528 24 48
1 792 512 232 32
1 1000 528 24 16
1 416 400 32 48
1 448 368 64 16
1 0 48 1024 48
1 0 944 1024 16
1 0 944 16 944
1 1008 944 16 944
3 160 848 64 8
3 464 880 32 8
3 928 848 64 8
3 848 592 32 8
3 912 592 32 8
3 64 432 96 8
3 160 368 64 8
3 80 352 32 8
3 784 608 48 8
3 960 608 48 8
4 272 912 16 16
7 792 528 208 16